747	1					
pos0.png	0	0	60	48	30	24
pos1.png	0	0	60	48	30	24
pos2.png	0	0	60	48	30	24
pos3.png	0	0	60	48	30	24
pos4.png	0	0	60	48	30	24
pos5.png	0	0	60	48	30	24
pos6.png	0	0	60	48	30	24
pos7.png	0	0	60	48	30	24
pos8.png	0	0	60	48	30	24
pos9.png	0	0	60	48	30	24
pos10.png	0	0	60	48	30	24
pos11.png	0	0	60	48	30	24
pos12.png	0	0	60	48	30	24
pos13.png	0	0	60	48	30	24
pos14.png	0	0	60	48	30	24
pos15.png	0	0	60	48	30	24
pos16.png	0	0	60	48	30	24
pos17.png	0	0	60	48	30	24
pos18.png	0	0	60	48	30	24
pos19.png	0	0	60	48	30	24
pos20.png	0	0	60	48	30	24
pos21.png	0	0	60	48	30	24
pos22.png	0	0	60	48	30	24
pos23.png	0	0	60	48	30	24
pos24.png	0	0	60	48	30	24
pos25.png	0	0	60	48	30	24
pos26.png	0	0	60	48	30	24
pos27.png	0	0	60	48	30	24
pos28.png	0	0	60	48	30	24
pos29.png	0	0	60	48	30	24
pos30.png	0	0	60	48	30	24
pos31.png	0	0	60	48	30	24
pos32.png	0	0	60	48	30	24
pos33.png	0	0	60	48	30	24
pos34.png	0	0	60	48	30	24
pos35.png	0	0	60	48	30	24
pos36.png	0	0	60	48	30	24
pos37.png	0	0	60	48	30	24
pos38.png	0	0	60	48	30	24
pos39.png	0	0	60	48	30	24
pos40.png	0	0	60	48	30	24
pos41.png	0	0	60	48	30	24
pos42.png	0	0	60	48	30	24
pos43.png	0	0	60	48	30	24
pos44.png	0	0	60	48	30	24
pos45.png	0	0	60	48	30	24
pos46.png	0	0	60	48	30	24
pos47.png	0	0	60	48	30	24
pos48.png	0	0	60	48	30	24
pos49.png	0	0	60	48	30	24
pos50.png	0	0	60	48	30	24
pos51.png	0	0	60	48	30	24
pos52.png	0	0	60	48	30	24
pos53.png	0	0	60	48	30	24
pos54.png	0	0	60	48	30	24
pos55.png	0	0	60	48	30	24
pos56.png	0	0	60	48	30	24
pos57.png	0	0	60	48	30	24
pos58.png	0	0	60	48	30	24
pos59.png	0	0	60	48	30	24
pos60.png	0	0	60	48	30	24
pos61.png	0	0	60	48	30	24
pos62.png	0	0	60	48	30	24
pos63.png	0	0	60	48	30	24
pos64.png	0	0	60	48	30	24
pos65.png	0	0	60	48	30	24
pos66.png	0	0	60	48	30	24
pos67.png	0	0	60	48	30	24
pos68.png	0	0	60	48	30	24
pos69.png	0	0	60	48	30	24
pos70.png	0	0	60	48	30	24
pos71.png	0	0	60	48	30	24
pos72.png	0	0	60	48	30	24
pos73.png	0	0	60	48	30	24
pos74.png	0	0	60	48	30	24
pos75.png	0	0	60	48	30	24
pos76.png	0	0	60	48	30	24
pos77.png	0	0	60	48	30	24
pos78.png	0	0	60	48	30	24
pos79.png	0	0	60	48	30	24
pos80.png	0	0	60	48	30	24
pos81.png	0	0	60	48	30	24
pos82.png	0	0	60	48	30	24
pos83.png	0	0	60	48	30	24
pos84.png	0	0	60	48	30	24
pos85.png	0	0	60	48	30	24
pos86.png	0	0	60	48	30	24
pos87.png	0	0	60	48	30	24
pos88.png	0	0	60	48	30	24
pos89.png	0	0	60	48	30	24
pos90.png	0	0	60	48	30	24
pos91.png	0	0	60	48	30	24
pos92.png	0	0	60	48	30	24
pos93.png	0	0	60	48	30	24
pos94.png	0	0	60	48	30	24
pos95.png	0	0	60	48	30	24
pos96.png	0	0	60	48	30	24
pos97.png	0	0	60	48	30	24
pos98.png	0	0	60	48	30	24
pos99.png	0	0	60	48	30	24
pos100.png	0	0	60	48	30	24
pos101.png	0	0	60	48	30	24
pos102.png	0	0	60	48	30	24
pos103.png	0	0	60	48	30	24
pos104.png	0	0	60	48	30	24
pos105.png	0	0	60	48	30	24
pos106.png	0	0	60	48	30	24
pos107.png	0	0	60	48	30	24
pos108.png	0	0	60	48	30	24
pos109.png	0	0	60	48	30	24
pos110.png	0	0	60	48	30	24
pos111.png	0	0	60	48	30	24
pos112.png	0	0	60	48	30	24
pos113.png	0	0	60	48	30	24
pos114.png	0	0	60	48	30	24
pos115.png	0	0	60	48	30	24
pos116.png	0	0	60	48	30	24
pos117.png	0	0	60	48	30	24
pos118.png	0	0	60	48	30	24
pos119.png	0	0	60	48	30	24
pos120.png	0	0	60	48	30	24
pos121.png	0	0	60	48	30	24
pos122.png	0	0	60	48	30	24
pos123.png	0	0	60	48	30	24
pos124.png	0	0	60	48	30	24
pos125.png	0	0	60	48	30	24
pos126.png	0	0	60	48	30	24
pos127.png	0	0	60	48	30	24
pos128.png	0	0	60	48	30	24
pos129.png	0	0	60	48	30	24
pos130.png	0	0	60	48	30	24
pos131.png	0	0	60	48	30	24
pos132.png	0	0	60	48	30	24
pos133.png	0	0	60	48	30	24
pos134.png	0	0	60	48	30	24
pos135.png	0	0	60	48	30	24
pos136.png	0	0	60	48	30	24
pos137.png	0	0	60	48	30	24
pos138.png	0	0	60	48	30	24
pos139.png	0	0	60	48	30	24
pos140.png	0	0	60	48	30	24
pos141.png	0	0	60	48	30	24
pos142.png	0	0	60	48	30	24
pos143.png	0	0	60	48	30	24
pos144.png	0	0	60	48	30	24
pos145.png	0	0	60	48	30	24
pos146.png	0	0	60	48	30	24
pos147.png	0	0	60	48	30	24
pos148.png	0	0	60	48	30	24
pos149.png	0	0	60	48	30	24
pos150.png	0	0	60	48	30	24
pos151.png	0	0	60	48	30	24
pos152.png	0	0	60	48	30	24
pos153.png	0	0	60	48	30	24
pos154.png	0	0	60	48	30	24
pos155.png	0	0	60	48	30	24
pos156.png	0	0	60	48	30	24
pos157.png	0	0	60	48	30	24
pos158.png	0	0	60	48	30	24
pos159.png	0	0	60	48	30	24
pos160.png	0	0	60	48	30	24
pos161.png	0	0	60	48	30	24
pos162.png	0	0	60	48	30	24
pos163.png	0	0	60	48	30	24
pos164.png	0	0	60	48	30	24
pos165.png	0	0	60	48	30	24
pos166.png	0	0	60	48	30	24
pos167.png	0	0	60	48	30	24
pos168.png	0	0	60	48	30	24
pos169.png	0	0	60	48	30	24
pos170.png	0	0	60	48	30	24
pos171.png	0	0	60	48	30	24
pos172.png	0	0	60	48	30	24
pos173.png	0	0	60	48	30	24
pos174.png	0	0	60	48	30	24
pos175.png	0	0	60	48	30	24
pos176.png	0	0	60	48	30	24
pos177.png	0	0	60	48	30	24
pos178.png	0	0	60	48	30	24
pos179.png	0	0	60	48	30	24
pos180.png	0	0	60	48	30	24
pos181.png	0	0	60	48	30	24
pos182.png	0	0	60	48	30	24
pos183.png	0	0	60	48	30	24
pos184.png	0	0	60	48	30	24
pos185.png	0	0	60	48	30	24
pos186.png	0	0	60	48	30	24
pos187.png	0	0	60	48	30	24
pos188.png	0	0	60	48	30	24
pos189.png	0	0	60	48	30	24
pos190.png	0	0	60	48	30	24
pos191.png	0	0	60	48	30	24
pos192.png	0	0	60	48	30	24
pos193.png	0	0	60	48	30	24
pos194.png	0	0	60	48	30	24
pos195.png	0	0	60	48	30	24
pos196.png	0	0	60	48	30	24
pos197.png	0	0	60	48	30	24
pos198.png	0	0	60	48	30	24
pos199.png	0	0	60	48	30	24
pos200.png	0	0	60	48	30	24
pos201.png	0	0	60	48	30	24
pos202.png	0	0	60	48	30	24
pos203.png	0	0	60	48	30	24
pos204.png	0	0	60	48	30	24
pos205.png	0	0	60	48	30	24
pos206.png	0	0	60	48	30	24
pos207.png	0	0	60	48	30	24
pos208.png	0	0	60	48	30	24
pos209.png	0	0	60	48	30	24
pos210.png	0	0	60	48	30	24
pos211.png	0	0	60	48	30	24
pos212.png	0	0	60	48	30	24
pos213.png	0	0	60	48	30	24
pos214.png	0	0	60	48	30	24
pos215.png	0	0	60	48	30	24
pos216.png	0	0	60	48	30	24
pos217.png	0	0	60	48	30	24
pos218.png	0	0	60	48	30	24
pos219.png	0	0	60	48	30	24
pos220.png	0	0	60	48	30	24
pos221.png	0	0	60	48	30	24
pos222.png	0	0	60	48	30	24
pos223.png	0	0	60	48	30	24
pos224.png	0	0	60	48	30	24
pos225.png	0	0	60	48	30	24
pos226.png	0	0	60	48	30	24
pos227.png	0	0	60	48	30	24
pos228.png	0	0	60	48	30	24
pos229.png	0	0	60	48	30	24
pos230.png	0	0	60	48	30	24
pos231.png	0	0	60	48	30	24
pos232.png	0	0	60	48	30	24
pos233.png	0	0	60	48	30	24
pos234.png	0	0	60	48	30	24
pos235.png	0	0	60	48	30	24
pos236.png	0	0	60	48	30	24
pos237.png	0	0	60	48	30	24
pos238.png	0	0	60	48	30	24
pos239.png	0	0	60	48	30	24
pos240.png	0	0	60	48	30	24
pos241.png	0	0	60	48	30	24
pos242.png	0	0	60	48	30	24
pos243.png	0	0	60	48	30	24
pos244.png	0	0	60	48	30	24
pos245.png	0	0	60	48	30	24
pos246.png	0	0	60	48	30	24
pos247.png	0	0	60	48	30	24
pos248.png	0	0	60	48	30	24
pos249.png	0	0	60	48	30	24
pos250.png	0	0	60	48	30	24
pos251.png	0	0	60	48	30	24
pos252.png	0	0	60	48	30	24
pos253.png	0	0	60	48	30	24
pos254.png	0	0	60	48	30	24
pos255.png	0	0	60	48	30	24
pos256.png	0	0	60	48	30	24
pos257.png	0	0	60	48	30	24
pos258.png	0	0	60	48	30	24
pos259.png	0	0	60	48	30	24
pos260.png	0	0	60	48	30	24
pos261.png	0	0	60	48	30	24
pos262.png	0	0	60	48	30	24
pos263.png	0	0	60	48	30	24
pos264.png	0	0	60	48	30	24
pos265.png	0	0	60	48	30	24
pos266.png	0	0	60	48	30	24
pos267.png	0	0	60	48	30	24
pos268.png	0	0	60	48	30	24
pos269.png	0	0	60	48	30	24
pos270.png	0	0	60	48	30	24
pos271.png	0	0	60	48	30	24
pos272.png	0	0	60	48	30	24
pos273.png	0	0	60	48	30	24
pos274.png	0	0	60	48	30	24
pos275.png	0	0	60	48	30	24
pos276.png	0	0	60	48	30	24
pos277.png	0	0	60	48	30	24
pos278.png	0	0	60	48	30	24
pos279.png	0	0	60	48	30	24
pos280.png	0	0	60	48	30	24
pos281.png	0	0	60	48	30	24
pos282.png	0	0	60	48	30	24
pos283.png	0	0	60	48	30	24
pos284.png	0	0	60	48	30	24
pos285.png	0	0	60	48	30	24
pos286.png	0	0	60	48	30	24
pos287.png	0	0	60	48	30	24
pos288.png	0	0	60	48	30	24
pos289.png	0	0	60	48	30	24
pos290.png	0	0	60	48	30	24
pos291.png	0	0	60	48	30	24
pos292.png	0	0	60	48	30	24
pos293.png	0	0	60	48	30	24
pos294.png	0	0	60	48	30	24
pos295.png	0	0	60	48	30	24
pos296.png	0	0	60	48	30	24
pos297.png	0	0	60	48	30	24
pos298.png	0	0	60	48	30	24
pos299.png	0	0	60	48	30	24
pos300.png	0	0	60	48	30	24
pos301.png	0	0	60	48	30	24
pos302.png	0	0	60	48	30	24
pos303.png	0	0	60	48	30	24
pos304.png	0	0	60	48	30	24
pos305.png	0	0	60	48	30	24
pos306.png	0	0	60	48	30	24
pos307.png	0	0	60	48	30	24
pos308.png	0	0	60	48	30	24
pos309.png	0	0	60	48	30	24
pos310.png	0	0	60	48	30	24
pos311.png	0	0	60	48	30	24
pos312.png	0	0	60	48	30	24
pos313.png	0	0	60	48	30	24
pos314.png	0	0	60	48	30	24
pos315.png	0	0	60	48	30	24
pos316.png	0	0	60	48	30	24
pos317.png	0	0	60	48	30	24
pos318.png	0	0	60	48	30	24
pos319.png	0	0	60	48	30	24
pos320.png	0	0	60	48	30	24
pos321.png	0	0	60	48	30	24
pos322.png	0	0	60	48	30	24
pos323.png	0	0	60	48	30	24
pos324.png	0	0	60	48	30	24
pos325.png	0	0	60	48	30	24
pos326.png	0	0	60	48	30	24
pos327.png	0	0	60	48	30	24
pos328.png	0	0	60	48	30	24
pos329.png	0	0	60	48	30	24
pos330.png	0	0	60	48	30	24
pos331.png	0	0	60	48	30	24
pos332.png	0	0	60	48	30	24
pos333.png	0	0	60	48	30	24
pos334.png	0	0	60	48	30	24
pos335.png	0	0	60	48	30	24
pos336.png	0	0	60	48	30	24
pos337.png	0	0	60	48	30	24
pos338.png	0	0	60	48	30	24
pos339.png	0	0	60	48	30	24
pos340.png	0	0	60	48	30	24
pos341.png	0	0	60	48	30	24
pos342.png	0	0	60	48	30	24
pos343.png	0	0	60	48	30	24
pos344.png	0	0	60	48	30	24
pos345.png	0	0	60	48	30	24
pos346.png	0	0	60	48	30	24
pos347.png	0	0	60	48	30	24
pos348.png	0	0	60	48	30	24
pos349.png	0	0	60	48	30	24
pos350.png	0	0	60	48	30	24
pos351.png	0	0	60	48	30	24
pos352.png	0	0	60	48	30	24
pos353.png	0	0	60	48	30	24
pos354.png	0	0	60	48	30	24
pos355.png	0	0	60	48	30	24
pos356.png	0	0	60	48	30	24
pos357.png	0	0	60	48	30	24
pos358.png	0	0	60	48	30	24
pos359.png	0	0	60	48	30	24
pos360.png	0	0	60	48	30	24
pos361.png	0	0	60	48	30	24
pos362.png	0	0	60	48	30	24
pos363.png	0	0	60	48	30	24
pos364.png	0	0	60	48	30	24
pos365.png	0	0	60	48	30	24
pos366.png	0	0	60	48	30	24
pos367.png	0	0	60	48	30	24
pos368.png	0	0	60	48	30	24
pos369.png	0	0	60	48	30	24
pos370.png	0	0	60	48	30	24
pos371.png	0	0	60	48	30	24
pos372.png	0	0	60	48	30	24
pos373.png	0	0	60	48	30	24
pos374.png	0	0	60	48	30	24
pos375.png	0	0	60	48	30	24
pos376.png	0	0	60	48	30	24
pos377.png	0	0	60	48	30	24
pos378.png	0	0	60	48	30	24
pos379.png	0	0	60	48	30	24
pos380.png	0	0	60	48	30	24
pos381.png	0	0	60	48	30	24
pos382.png	0	0	60	48	30	24
pos383.png	0	0	60	48	30	24
pos384.png	0	0	60	48	30	24
pos385.png	0	0	60	48	30	24
pos386.png	0	0	60	48	30	24
pos387.png	0	0	60	48	30	24
pos388.png	0	0	60	48	30	24
pos389.png	0	0	60	48	30	24
pos390.png	0	0	60	48	30	24
pos391.png	0	0	60	48	30	24
pos392.png	0	0	60	48	30	24
pos393.png	0	0	60	48	30	24
pos394.png	0	0	60	48	30	24
pos395.png	0	0	60	48	30	24
pos396.png	0	0	60	48	30	24
pos397.png	0	0	60	48	30	24
pos398.png	0	0	60	48	30	24
pos399.png	0	0	60	48	30	24
pos400.png	0	0	60	48	30	24
pos401.png	0	0	60	48	30	24
pos402.png	0	0	60	48	30	24
pos403.png	0	0	60	48	30	24
pos404.png	0	0	60	48	30	24
pos405.png	0	0	60	48	30	24
pos406.png	0	0	60	48	30	24
pos407.png	0	0	60	48	30	24
pos408.png	0	0	60	48	30	24
pos409.png	0	0	60	48	30	24
pos410.png	0	0	60	48	30	24
pos411.png	0	0	60	48	30	24
pos412.png	0	0	60	48	30	24
pos413.png	0	0	60	48	30	24
pos414.png	0	0	60	48	30	24
pos415.png	0	0	60	48	30	24
pos416.png	0	0	60	48	30	24
pos417.png	0	0	60	48	30	24
pos418.png	0	0	60	48	30	24
pos419.png	0	0	60	48	30	24
pos420.png	0	0	60	48	30	24
pos421.png	0	0	60	48	30	24
pos422.png	0	0	60	48	30	24
pos423.png	0	0	60	48	30	24
pos424.png	0	0	60	48	30	24
pos425.png	0	0	60	48	30	24
pos426.png	0	0	60	48	30	24
pos427.png	0	0	60	48	30	24
pos428.png	0	0	60	48	30	24
pos429.png	0	0	60	48	30	24
pos430.png	0	0	60	48	30	24
pos431.png	0	0	60	48	30	24
pos432.png	0	0	60	48	30	24
pos433.png	0	0	60	48	30	24
pos434.png	0	0	60	48	30	24
pos435.png	0	0	60	48	30	24
pos436.png	0	0	60	48	30	24
pos437.png	0	0	60	48	30	24
pos438.png	0	0	60	48	30	24
pos439.png	0	0	60	48	30	24
pos440.png	0	0	60	48	30	24
pos441.png	0	0	60	48	30	24
pos442.png	0	0	60	48	30	24
pos443.png	0	0	60	48	30	24
pos444.png	0	0	60	48	30	24
pos445.png	0	0	60	48	30	24
pos446.png	0	0	60	48	30	24
pos447.png	0	0	60	48	30	24
pos448.png	0	0	60	48	30	24
pos449.png	0	0	60	48	30	24
pos450.png	0	0	60	48	30	24
pos451.png	0	0	60	48	30	24
pos452.png	0	0	60	48	30	24
pos453.png	0	0	60	48	30	24
pos454.png	0	0	60	48	30	24
pos455.png	0	0	60	48	30	24
pos456.png	0	0	60	48	30	24
pos457.png	0	0	60	48	30	24
pos458.png	0	0	60	48	30	24
pos459.png	0	0	60	48	30	24
pos460.png	0	0	60	48	30	24
pos461.png	0	0	60	48	30	24
pos462.png	0	0	60	48	30	24
pos463.png	0	0	60	48	30	24
pos464.png	0	0	60	48	30	24
pos465.png	0	0	60	48	30	24
pos466.png	0	0	60	48	30	24
pos467.png	0	0	60	48	30	24
pos468.png	0	0	60	48	30	24
pos469.png	0	0	60	48	30	24
pos470.png	0	0	60	48	30	24
pos471.png	0	0	60	48	30	24
pos472.png	0	0	60	48	30	24
pos473.png	0	0	60	48	30	24
pos474.png	0	0	60	48	30	24
pos475.png	0	0	60	48	30	24
pos476.png	0	0	60	48	30	24
pos477.png	0	0	60	48	30	24
pos478.png	0	0	60	48	30	24
pos479.png	0	0	60	48	30	24
pos480.png	0	0	60	48	30	24
pos481.png	0	0	60	48	30	24
pos482.png	0	0	60	48	30	24
pos483.png	0	0	60	48	30	24
pos484.png	0	0	60	48	30	24
pos485.png	0	0	60	48	30	24
pos486.png	0	0	60	48	30	24
pos487.png	0	0	60	48	30	24
pos488.png	0	0	60	48	30	24
pos489.png	0	0	60	48	30	24
pos490.png	0	0	60	48	30	24
pos491.png	0	0	60	48	30	24
pos492.png	0	0	60	48	30	24
pos493.png	0	0	60	48	30	24
pos494.png	0	0	60	48	30	24
pos495.png	0	0	60	48	30	24
pos496.png	0	0	60	48	30	24
pos497.png	0	0	60	48	30	24
pos498.png	0	0	60	48	30	24
pos499.png	0	0	60	48	30	24
pos500.png	0	0	60	48	30	24
pos501.png	0	0	60	48	30	24
pos502.png	0	0	60	48	30	24
pos503.png	0	0	60	48	30	24
pos504.png	0	0	60	48	30	24
pos505.png	0	0	60	48	30	24
pos506.png	0	0	60	48	30	24
pos507.png	0	0	60	48	30	24
pos508.png	0	0	60	48	30	24
pos509.png	0	0	60	48	30	24
pos510.png	0	0	60	48	30	24
pos511.png	0	0	60	48	30	24
pos512.png	0	0	60	48	30	24
pos513.png	0	0	60	48	30	24
pos514.png	0	0	60	48	30	24
pos515.png	0	0	60	48	30	24
pos516.png	0	0	60	48	30	24
pos517.png	0	0	60	48	30	24
pos518.png	0	0	60	48	30	24
pos519.png	0	0	60	48	30	24
pos520.png	0	0	60	48	30	24
pos521.png	0	0	60	48	30	24
pos522.png	0	0	60	48	30	24
pos523.png	0	0	60	48	30	24
pos524.png	0	0	60	48	30	24
pos525.png	0	0	60	48	30	24
pos526.png	0	0	60	48	30	24
pos527.png	0	0	60	48	30	24
pos528.png	0	0	60	48	30	24
pos529.png	0	0	60	48	30	24
pos530.png	0	0	60	48	30	24
pos531.png	0	0	60	48	30	24
pos532.png	0	0	60	48	30	24
pos533.png	0	0	60	48	30	24
pos534.png	0	0	60	48	30	24
pos535.png	0	0	60	48	30	24
pos536.png	0	0	60	48	30	24
pos537.png	0	0	60	48	30	24
pos538.png	0	0	60	48	30	24
pos539.png	0	0	60	48	30	24
pos540.png	0	0	60	48	30	24
pos541.png	0	0	60	48	30	24
pos542.png	0	0	60	48	30	24
pos543.png	0	0	60	48	30	24
pos544.png	0	0	60	48	30	24
pos545.png	0	0	60	48	30	24
pos546.png	0	0	60	48	30	24
pos547.png	0	0	60	48	30	24
pos548.png	0	0	60	48	30	24
pos549.png	0	0	60	48	30	24
pos550.png	0	0	60	48	30	24
pos551.png	0	0	60	48	30	24
pos552.png	0	0	60	48	30	24
pos553.png	0	0	60	48	30	24
pos554.png	0	0	60	48	30	24
pos555.png	0	0	60	48	30	24
pos556.png	0	0	60	48	30	24
pos557.png	0	0	60	48	30	24
pos558.png	0	0	60	48	30	24
pos559.png	0	0	60	48	30	24
pos560.png	0	0	60	48	30	24
pos561.png	0	0	60	48	30	24
pos562.png	0	0	60	48	30	24
pos563.png	0	0	60	48	30	24
pos564.png	0	0	60	48	30	24
pos565.png	0	0	60	48	30	24
pos566.png	0	0	60	48	30	24
pos567.png	0	0	60	48	30	24
pos568.png	0	0	60	48	30	24
pos569.png	0	0	60	48	30	24
pos570.png	0	0	60	48	30	24
pos571.png	0	0	60	48	30	24
pos572.png	0	0	60	48	30	24
pos573.png	0	0	60	48	30	24
pos574.png	0	0	60	48	30	24
pos575.png	0	0	60	48	30	24
pos576.png	0	0	60	48	30	24
pos577.png	0	0	60	48	30	24
pos578.png	0	0	60	48	30	24
pos579.png	0	0	60	48	30	24
pos580.png	0	0	60	48	30	24
pos581.png	0	0	60	48	30	24
pos582.png	0	0	60	48	30	24
pos583.png	0	0	60	48	30	24
pos584.png	0	0	60	48	30	24
pos585.png	0	0	60	48	30	24
pos586.png	0	0	60	48	30	24
pos587.png	0	0	60	48	30	24
pos588.png	0	0	60	48	30	24
pos589.png	0	0	60	48	30	24
pos590.png	0	0	60	48	30	24
pos591.png	0	0	60	48	30	24
pos592.png	0	0	60	48	30	24
pos593.png	0	0	60	48	30	24
pos594.png	0	0	60	48	30	24
pos595.png	0	0	60	48	30	24
pos596.png	0	0	60	48	30	24
pos597.png	0	0	60	48	30	24
pos598.png	0	0	60	48	30	24
pos599.png	0	0	60	48	30	24
pos600.png	0	0	60	48	30	24
pos601.png	0	0	60	48	30	24
pos602.png	0	0	60	48	30	24
pos603.png	0	0	60	48	30	24
pos604.png	0	0	60	48	30	24
pos605.png	0	0	60	48	30	24
pos606.png	0	0	60	48	30	24
pos607.png	0	0	60	48	30	24
pos608.png	0	0	60	48	30	24
pos609.png	0	0	60	48	30	24
pos610.png	0	0	60	48	30	24
pos611.png	0	0	60	48	30	24
pos612.png	0	0	60	48	30	24
pos613.png	0	0	60	48	30	24
pos614.png	0	0	60	48	30	24
pos615.png	0	0	60	48	30	24
pos616.png	0	0	60	48	30	24
pos617.png	0	0	60	48	30	24
pos618.png	0	0	60	48	30	24
pos619.png	0	0	60	48	30	24
pos620.png	0	0	60	48	30	24
pos621.png	0	0	60	48	30	24
pos622.png	0	0	60	48	30	24
pos623.png	0	0	60	48	30	24
pos624.png	0	0	60	48	30	24
pos625.png	0	0	60	48	30	24
pos626.png	0	0	60	48	30	24
pos627.png	0	0	60	48	30	24
pos628.png	0	0	60	48	30	24
pos629.png	0	0	60	48	30	24
pos630.png	0	0	60	48	30	24
pos631.png	0	0	60	48	30	24
pos632.png	0	0	60	48	30	24
pos633.png	0	0	60	48	30	24
pos634.png	0	0	60	48	30	24
pos635.png	0	0	60	48	30	24
pos636.png	0	0	60	48	30	24
pos637.png	0	0	60	48	30	24
pos638.png	0	0	60	48	30	24
pos639.png	0	0	60	48	30	24
pos640.png	0	0	60	48	30	24
pos641.png	0	0	60	48	30	24
pos642.png	0	0	60	48	30	24
pos643.png	0	0	60	48	30	24
pos644.png	0	0	60	48	30	24
pos645.png	0	0	60	48	30	24
pos646.png	0	0	60	48	30	24
pos647.png	0	0	60	48	30	24
pos648.png	0	0	60	48	30	24
pos649.png	0	0	60	48	30	24
pos650.png	0	0	60	48	30	24
pos651.png	0	0	60	48	30	24
pos652.png	0	0	60	48	30	24
pos653.png	0	0	60	48	30	24
pos654.png	0	0	60	48	30	24
pos655.png	0	0	60	48	30	24
pos656.png	0	0	60	48	30	24
pos657.png	0	0	60	48	30	24
pos658.png	0	0	60	48	30	24
pos659.png	0	0	60	48	30	24
pos660.png	0	0	60	48	30	24
pos661.png	0	0	60	48	30	24
pos662.png	0	0	60	48	30	24
pos663.png	0	0	60	48	30	24
pos664.png	0	0	60	48	30	24
pos665.png	0	0	60	48	30	24
pos666.png	0	0	60	48	30	24
pos667.png	0	0	60	48	30	24
pos668.png	0	0	60	48	30	24
pos669.png	0	0	60	48	30	24
pos670.png	0	0	60	48	30	24
pos671.png	0	0	60	48	30	24
pos672.png	0	0	60	48	30	24
pos673.png	0	0	60	48	30	24
pos674.png	0	0	60	48	30	24
pos675.png	0	0	60	48	30	24
pos676.png	0	0	60	48	30	24
pos677.png	0	0	60	48	30	24
pos678.png	0	0	60	48	30	24
pos679.png	0	0	60	48	30	24
pos680.png	0	0	60	48	30	24
pos681.png	0	0	60	48	30	24
pos682.png	0	0	60	48	30	24
pos683.png	0	0	60	48	30	24
pos684.png	0	0	60	48	30	24
pos685.png	0	0	60	48	30	24
pos686.png	0	0	60	48	30	24
pos687.png	0	0	60	48	30	24
pos688.png	0	0	60	48	30	24
pos689.png	0	0	60	48	30	24
pos690.png	0	0	60	48	30	24
pos691.png	0	0	60	48	30	24
pos692.png	0	0	60	48	30	24
pos693.png	0	0	60	48	30	24
pos694.png	0	0	60	48	30	24
pos695.png	0	0	60	48	30	24
pos696.png	0	0	60	48	30	24
pos697.png	0	0	60	48	30	24
pos698.png	0	0	60	48	30	24
pos699.png	0	0	60	48	30	24
pos700.png	0	0	60	48	30	24
pos701.png	0	0	60	48	30	24
pos702.png	0	0	60	48	30	24
pos703.png	0	0	60	48	30	24
pos704.png	0	0	60	48	30	24
pos705.png	0	0	60	48	30	24
pos706.png	0	0	60	48	30	24
pos707.png	0	0	60	48	30	24
pos708.png	0	0	60	48	30	24
pos709.png	0	0	60	48	30	24
pos710.png	0	0	60	48	30	24
pos711.png	0	0	60	48	30	24
pos712.png	0	0	60	48	30	24
pos713.png	0	0	60	48	30	24
pos714.png	0	0	60	48	30	24
pos715.png	0	0	60	48	30	24
pos716.png	0	0	60	48	30	24
pos717.png	0	0	60	48	30	24
pos718.png	0	0	60	48	30	24
pos719.png	0	0	60	48	30	24
pos720.png	0	0	60	48	30	24
pos721.png	0	0	60	48	30	24
pos722.png	0	0	60	48	30	24
pos723.png	0	0	60	48	30	24
pos724.png	0	0	60	48	30	24
pos725.png	0	0	60	48	30	24
pos726.png	0	0	60	48	30	24
pos727.png	0	0	60	48	30	24
pos728.png	0	0	60	48	30	24
pos729.png	0	0	60	48	30	24
pos730.png	0	0	60	48	30	24
pos731.png	0	0	60	48	30	24
pos732.png	0	0	60	48	30	24
pos733.png	0	0	60	48	30	24
pos734.png	0	0	60	48	30	24
pos735.png	0	0	60	48	30	24
pos736.png	0	0	60	48	30	24
pos737.png	0	0	60	48	30	24
pos738.png	0	0	60	48	30	24
pos739.png	0	0	60	48	30	24
pos740.png	0	0	60	48	30	24
pos741.png	0	0	60	48	30	24
pos742.png	0	0	60	48	30	24
pos743.png	0	0	60	48	30	24
pos744.png	0	0	60	48	30	24
pos745.png	0	0	60	48	30	24
pos746.png	0	0	60	48	30	24
